Initial profiles
         z                   thl                   qt                   u                    v                   tke         
1.25000000000000E+01 2.86017519891725E+02 7.05152291035414E-03 4.71639469393295E+00 -4.05482902950312E-01 1.00000000000000E-01
3.77125000000000E+01 2.85961103557480E+02 6.98216254755538E-03 4.84363138743216E+00 -4.34158955072901E-01 1.00000000000000E-01
6.33536125000000E+01 2.85940030610255E+02 6.94793648348143E-03 4.88174636844935E+00 -4.46824935313628E-01 1.00000000000000E-01
8.94306239125000E+01 2.85930824045437E+02 6.92300947980837E-03 4.89645488324460E+00 -4.54711162063390E-01 1.00000000000000E-01
1.15950944519012E+02 2.85928839598588E+02 6.90096489577086E-03 4.89732262996646E+00 -4.59121066639671E-01 1.00000000000000E-01
1.42922110575836E+02 2.85931477222545E+02 6.87900359418922E-03 4.89014151981052E+00 -4.60720686093381E-01 1.00000000000000E-01
1.70351786455625E+02 2.85938028742983E+02 6.85614312640526E-03 4.87672623669648E+00 -4.59121206754528E-01 1.00000000000000E-01
1.98247766825370E+02 2.85948226041707E+02 6.83196765595112E-03 4.85781289311955E+00 -4.53848320469012E-01 1.00000000000000E-01
2.26617978861402E+02 2.85961755191732E+02 6.80640226965516E-03 4.83342120172068E+00 -4.44878195487807E-01 1.00000000000000E-01
2.55470484502046E+02 2.85978702643361E+02 6.77864066051045E-03 4.80215521349801E+00 -4.32339551904199E-01 1.00000000000000E-01
2.84813482738580E+02 2.86001361234124E+02 6.74560167503865E-03 4.76247457550242E+00 -4.11349484854852E-01 1.00000000000000E-01
3.14655311945136E+02 2.86029754932070E+02 6.70706324266958E-03 4.71737075408375E+00 -3.81396160046773E-01 1.00000000000000E-01
3.45004452248204E+02 2.86063871970752E+02 6.66321007305218E-03 4.66633547249267E+00 -3.44705908846353E-01 1.00000000000000E-01
3.75869527936423E+02 2.86104396721027E+02 6.61371108391263E-03 4.60836632618694E+00 -3.02418911431399E-01 1.00000000000000E-01
4.07259309911342E+02 2.86161543458704E+02 6.54839787277141E-03 4.53001482860114E+00 -2.52996243476855E-01 1.00000000000000E-01
4.39182718179835E+02 2.86226082692500E+02 6.47839341211842E-03 4.44459968095712E+00 -1.99557900025099E-01 1.00000000000000E-01
4.71648824388892E+02 2.86300615128139E+02 6.40125809627952E-03 4.35051687713916E+00 -1.40857230198878E-01 1.00000000000000E-01
5.04666854403503E+02 2.86385277285342E+02 6.31894568252029E-03 4.24830142530729E+00 -7.66804379650335E-02 1.00000000000000E-01
5.38246190928363E+02 2.86474682829488E+02 6.23352887808841E-03 4.14218511700113E+00 -9.49044710550599E-03 1.00000000000000E-01
5.72396376174145E+02 2.86577097124285E+02 6.14098661361765E-03 4.02835990537939E+00 6.33813260074919E-02 1.00000000000000E-01
6.07127114569105E+02 2.86683526655286E+02 6.04636016874257E-03 3.91239018274371E+00 1.38360444165906E-01 1.00000000000000E-01
6.42448275516780E+02 2.86804228556816E+02 5.94312125053296E-03 3.79341819616532E+00 2.17379608770897E-01 1.00000000000000E-01
6.78369896200565E+02 2.86929555773861E+02 5.83751344411249E-03 3.67245718060891E+00 2.99493596784408E-01 1.00000000000000E-01
7.14902184435975E+02 2.87070030980940E+02 5.72400606172330E-03 3.54587688893294E+00 3.91231100794145E-01 1.00000000000000E-01
7.52055521571386E+02 2.87213514918666E+02 5.60942791406087E-03 3.41847204493327E+00 4.84752626556645E-01 1.00000000000000E-01
7.89840465438099E+02 2.87367426318668E+02 5.49641815620966E-03 3.29115077162220E+00 5.89337840555711E-01 1.00000000000000E-01
8.28267753350547E+02 2.87524016563910E+02 5.38159228002904E-03 3.16148342302880E+00 6.95942326941850E-01 1.00000000000000E-01
8.67348305157506E+02 2.87690205497142E+02 5.27161560578512E-03 3.02741159408954E+00 8.12206697485219E-01 1.00000000000000E-01
9.07093226345184E+02 2.87860804831954E+02 5.15983482696586E-03 2.89005542499799E+00 9.32524985474451E-01 1.00000000000000E-01
9.47513811193052E+02 2.88032043464516E+02 5.05682859989862E-03 2.74482616926599E+00 1.05268257421930E+00 1.00000000000000E-01
9.88621545983334E+02 2.88205232965936E+02 4.95943309804833E-03 2.59370822803036E+00 1.17449131101073E+00 1.00000000000000E-01
1.03042811226505E+03 2.88381176155054E+02 4.86212628619794E-03 2.43763441095889E+00 1.29747528878124E+00 1.00000000000000E-01
1.07294539017356E+03 2.88561438148108E+02 4.77072601565605E-03 2.26900502218080E+00 1.42360156678054E+00 1.00000000000000E-01
1.11618546180651E+03 2.88744764595045E+02 4.67777194051497E-03 2.09750893379348E+00 1.55187199150583E+00 1.00000000000000E-01
1.16016061465722E+03 2.88937173160450E+02 4.58755905266873E-03 1.92227941054984E+00 1.68481066010580E+00 1.00000000000000E-01
1.20488334510639E+03 2.89136215855243E+02 4.49806495941368E-03 1.74377884182756E+00 1.82201350481325E+00 1.00000000000000E-01
1.25036636197320E+03 2.89338998913235E+02 4.40707966818353E-03 1.56244929569683E+00 1.96207035687704E+00 1.00000000000000E-01
1.29662259012674E+03 2.89561802628453E+02 4.31700766625670E-03 1.38904112119939E+00 2.12296726869330E+00 1.00000000000000E-01
1.34366517415890E+03 2.89788438614541E+02 4.22534124892437E-03 1.21314629292532E+00 2.28684359476441E+00 1.00000000000000E-01
1.39150748211960E+03 2.90021311249811E+02 4.13481129056765E-03 1.03825392034034E+00 2.45963398884165E+00 1.00000000000000E-01
1.44016310931563E+03 2.90265824876673E+02 4.05046752985053E-03 8.73076194113891E-01 2.65237451705449E+00 1.00000000000000E-01
1.48964588217400E+03 2.90514495235191E+02 3.96468992520120E-03 7.05090446541596E-01 2.84839163424695E+00 1.00000000000000E-01
1.53996986217095E+03 2.90766291880534E+02 3.88277702483078E-03 5.38021164811588E-01 3.04782758440541E+00 1.00000000000000E-01
1.59114934982786E+03 2.91022449471071E+02 3.80686716603922E-03 3.70199966258665E-01 3.25232423821100E+00 1.00000000000000E-01
1.64319888877493E+03 2.91282961740646E+02 3.72966683964819E-03 1.99525807330341E-01 3.46029733513128E+00 1.00000000000000E-01
1.69613326988411E+03 2.91543998494168E+02 3.65426673590079E-03 3.03835963546879E-02 3.65851764892797E+00 1.00000000000000E-01
1.74996753547214E+03 2.91805827370699E+02 3.57959393706582E-03 -1.39831476539317E-01 3.84441276270912E+00 1.00000000000000E-01
1.80471698357516E+03 2.92072107338130E+02 3.50365170065066E-03 -3.12940205672525E-01 4.03346809342452E+00 1.00000000000000E-01
1.86039717229594E+03 2.92340666781277E+02 3.42650096530370E-03 -4.87123701594919E-01 4.21459722815346E+00 1.00000000000000E-01
1.91702392422497E+03 2.92612722570013E+02 3.34438784631477E-03 -6.60166800219607E-01 4.38188593016654E+00 1.00000000000000E-01
1.97461333093680E+03 2.92889403307155E+02 3.26087880430302E-03 -8.36151631520912E-01 4.55201854011384E+00 1.00000000000000E-01
2.03318175756272E+03 2.93163896119895E+02 3.17840345752634E-03 -1.01661910130612E+00 4.71957814836904E+00 1.00000000000000E-01
2.09274584744129E+03 2.93426755836535E+02 3.09369548996319E-03 -1.19507305506306E+00 4.87339987901010E+00 1.00000000000000E-01
2.15332252684779E+03 2.93694084168360E+02 3.00754748695147E-03 -1.37656072603387E+00 5.02983657907212E+00 1.00000000000000E-01
2.21492900980420E+03 2.93964970485740E+02 2.92097890564440E-03 -1.56178857065762E+00 5.19018464137743E+00 1.00000000000000E-01
2.27758280297087E+03 2.94238867252190E+02 2.83033637417344E-03 -1.72888576292745E+00 5.33997545301306E+00 1.00000000000000E-01
2.34130171062138E+03 2.94517447757503E+02 2.73794094488711E-03 -1.89884826175703E+00 5.49208887387509E+00 1.00000000000000E-01
2.40610383970194E+03 2.94800970697324E+02 2.64437092044743E-03 -2.07340636464456E+00 5.64801392273886E+00 1.00000000000000E-01
2.47200760497687E+03 2.95084859838508E+02 2.55868755797861E-03 -2.22275504956178E+00 5.79562747782548E+00 1.00000000000000E-01
2.53903173426148E+03 2.95373073973683E+02 2.47231511815734E-03 -2.37100724314542E+00 5.94194210123947E+00 1.00000000000000E-01
2.60719527374393E+03 2.95666177494144E+02 2.38447883147171E-03 -2.52174785234493E+00 6.09088306783515E+00 1.00000000000000E-01
2.67651759339757E+03 2.95948449015318E+02 2.31052043021520E-03 -2.67248659726295E+00 6.24303965695708E+00 1.00000000000000E-01
2.74701839248533E+03 2.96229579304523E+02 2.24177802507771E-03 -2.82169362634197E+00 6.39807522274617E+00 1.00000000000000E-01
2.81871770515758E+03 2.96515488808645E+02 2.17186699905290E-03 -2.97343717491533E+00 6.55574639315369E+00 1.00000000000000E-01
2.89163590614526E+03 2.96793277222069E+02 2.10653577930516E-03 -3.12317555331949E+00 6.72264742562353E+00 1.00000000000000E-01
2.96579371654973E+03 2.97067612839482E+02 2.04700491146771E-03 -3.26931480915990E+00 6.90535392294871E+00 1.00000000000000E-01
3.04121220973107E+03 2.97346612162391E+02 1.98646201887700E-03 -3.41793843234960E+00 7.09116643072839E+00 1.00000000000000E-01
3.11791281729650E+03 2.97623988667030E+02 1.92644490259434E-03 -3.57042620544205E+00 7.28532017822678E+00 1.00000000000000E-01
3.19591733519054E+03 2.97897302601866E+02 1.87097333996679E-03 -3.72064273972052E+00 7.49298098629714E+00 1.00000000000000E-01
3.27524792988878E+03 2.98175258092442E+02 1.81455801669093E-03 -3.87341227025666E+00 7.70417321133153E+00 1.00000000000000E-01
3.35592714469689E+03 2.98455804981619E+02 1.75741306104514E-03 -4.03162847627976E+00 7.92167754675500E+00 1.00000000000000E-01
3.43797790615674E+03 2.98731195033884E+02 1.69980943386109E-03 -4.20743827694752E+00 8.13736622617301E+00 1.00000000000000E-01
3.52142353056140E+03 2.99011761530537E+02 1.64125961423322E-03 -4.38704359759206E+00 8.35684325396689E+00 1.00000000000000E-01
3.60628773058095E+03 2.99296228715404E+02 1.58201877748642E-03 -4.56906056499404E+00 8.58004013034962E+00 1.00000000000000E-01
3.69259462200082E+03 2.99568165767575E+02 1.52536055024499E-03 -4.75361354711091E+00 8.78220587796837E+00 1.00000000000000E-01
3.78036873057483E+03 2.99843898205105E+02 1.46762471535061E-03 -4.94630935961974E+00 8.98302473471283E+00 1.00000000000000E-01
3.86963499899461E+03 3.00124313978926E+02 1.40891179192353E-03 -5.14228067788931E+00 9.18722992496979E+00 1.00000000000000E-01
3.96041879397751E+03 3.00394901887866E+02 1.35419638345097E-03 -5.34483288653976E+00 9.37827787199455E+00 1.00000000000000E-01
4.05274591347513E+03 3.00665275457824E+02 1.29807485000424E-03 -5.56403815440290E+00 9.55943641981964E+00 1.00000000000000E-01
4.14664259400421E+03 3.00940245378471E+02 1.24099925048892E-03 -5.78696991181973E+00 9.74367466295779E+00 1.00000000000000E-01
4.24213551810228E+03 3.01214315230002E+02 1.18725544959736E-03 -6.02238335965869E+00 9.92547654614586E+00 1.00000000000000E-01
4.33925182191002E+03 3.01481680279535E+02 1.13710965086987E-03 -6.28964337488556E+00 1.01037492547825E+01 1.00000000000000E-01
4.43801910288249E+03 3.01753526753780E+02 1.08600910360076E-03 -6.56174351814146E+00 1.02855187066413E+01 1.00000000000000E-01
4.53846542763149E+03 3.02029149146592E+02 1.03472404558409E-03 -6.84393096486259E+00 1.04694012779353E+01 1.00000000000000E-01
4.64061933990122E+03 3.02305101649724E+02 9.87301038873327E-04 -7.16403864037283E+00 1.06530717535276E+01 1.00000000000000E-01
4.74450986867954E+03 3.02585613132110E+02 9.40000601403784E-04 -7.49387560846816E+00 1.08434870324586E+01 1.00000000000000E-01
4.85016653644710E+03 3.02871341233806E+02 8.92090774380432E-04 -7.83098619269073E+00 1.10375800546616E+01 1.00000000000000E-01
4.95761936756670E+03 3.03155727921212E+02 8.44133108546497E-04 -8.19102587951351E+00 1.12279646865575E+01 1.00000000000000E-01
5.06689889681533E+03 3.03444388034239E+02 7.95992411120221E-04 -8.57397778317733E+00 1.14151701921132E+01 1.00000000000000E-01
5.17803617806119E+03 3.03737983949588E+02 7.47031192716960E-04 -8.96329817255539E+00 1.16053436339496E+01 1.00000000000000E-01
5.29106279308823E+03 3.04037628367217E+02 7.00712252530163E-04 -9.35571719179836E+00 1.17786708971391E+01 1.00000000000000E-01
5.40601086057073E+03 3.04336705967321E+02 6.56267168528632E-04 -9.76953941232910E+00 1.19446983409004E+01 1.00000000000000E-01
5.52291304520043E+03 3.04640867886627E+02 6.11066518099073E-04 -1.01903966106088E+01 1.21135482512057E+01 1.00000000000000E-01
5.64180256696884E+03 3.04983183672195E+02 5.66594671428963E-04 -1.06164936853738E+01 1.22500953828325E+01 1.00000000000000E-01
5.76271321060731E+03 3.05343063862207E+02 5.27962265043297E-04 -1.10403267986778E+01 1.23697077558055E+01 1.00000000000000E-01
5.88567933518763E+03 3.05708571565670E+02 4.88776992599827E-04 -1.14694720543256E+01 1.24906900400700E+01 1.00000000000000E-01
6.01073588388582E+03 3.06112559445249E+02 4.50752673259719E-04 -1.19233866286672E+01 1.25917605361558E+01 1.00000000000000E-01
6.13791839391188E+03 3.06575438864344E+02 4.18568373589589E-04 -1.23959500723083E+01 1.26488014628405E+01 1.00000000000000E-01
6.26726300660838E+03 3.07044908053429E+02 3.86532354065089E-04 -1.28715186079898E+01 1.27051832295461E+01 1.00000000000000E-01
6.39880647772072E+03 3.07536363358512E+02 3.55035641651742E-04 -1.33689953572621E+01 1.27731197841129E+01 1.00000000000000E-01
6.53258618784197E+03 3.08085234711555E+02 3.27061703940252E-04 -1.38844522076706E+01 1.28753125349905E+01 1.00000000000000E-01
6.66864015303529E+03 3.08645373522051E+02 2.98750290876912E-04 -1.44072337783149E+01 1.29709068272998E+01 1.00000000000000E-01
6.80700703563689E+03 3.09216236180335E+02 2.70005099211935E-04 -1.49380289034575E+01 1.30693589667706E+01 1.00000000000000E-01
6.94772615524271E+03 3.09870598373550E+02 2.44427987191848E-04 -1.53339000965585E+01 1.32089606548152E+01 1.00000000000000E-01
7.09083749988184E+03 3.10548339805027E+02 2.20036878605210E-04 -1.57290335584853E+01 1.33358569262557E+01 1.00000000000000E-01
7.23638173737983E+03 3.11237602840839E+02 1.95231121172597E-04 -1.61308842892649E+01 1.34649104343107E+01 1.00000000000000E-01
7.38440022691528E+03 3.11999057094810E+02 1.71111930869177E-04 -1.63721425383407E+01 1.34890991480875E+01 1.00000000000000E-01
7.53493503077284E+03 3.12842319938115E+02 1.49713137774944E-04 -1.65307348570202E+01 1.34290873001184E+01 1.00000000000000E-01
7.68802892629598E+03 3.13700698430845E+02 1.27925058200281E-04 -1.66920775029194E+01 1.33697694629055E+01 1.00000000000000E-01
7.84372541804301E+03 3.14572318180143E+02 1.06857722634267E-04 -1.68241296410610E+01 1.32699168793392E+01 1.00000000000000E-01
8.00206875014974E+03 3.15530780166730E+02 9.22443536315415E-05 -1.69337469153792E+01 1.31085311176132E+01 1.00000000000000E-01
8.16310391890229E+03 3.16508714746516E+02 7.83514763099322E-05 -1.70531426823082E+01 1.29575139274299E+01 1.00000000000000E-01
8.32687668552362E+03 3.17502615238740E+02 6.42535316158154E-05 -1.71697780397270E+01 1.27994647823408E+01 1.00000000000000E-01
8.49343358917753E+03 3.18598065813426E+02 5.51350693203065E-05 -1.71579702170222E+01 1.26988879956236E+01 1.00000000000000E-01
8.66282196019354E+03 3.19731410538956E+02 4.81832382248097E-05 -1.70931746814758E+01 1.26174387887910E+01 1.00000000000000E-01
8.83508993351683E+03 3.20884022124820E+02 4.11132260006891E-05 -1.70272776218250E+01 1.25346049454422E+01 1.00000000000000E-01
9.01028646238662E+03 3.22174789194336E+02 3.56016496226080E-05 -1.67088960834992E+01 1.24097549988967E+01 1.00000000000000E-01
9.18846133224719E+03 3.23578603604592E+02 3.22465279374252E-05 -1.59663629023353E+01 1.22041253898064E+01 1.00000000000000E-01
9.36966517489539E+03 3.25006128839561E+02 2.88399541704899E-05 -1.52109300194380E+01 1.19948364959956E+01 1.00000000000000E-01
9.55394948286861E+03 3.26502503747168E+02 2.54728440876014E-05 -1.44359479209512E+01 1.18116336194058E+01 1.00000000000000E-01
9.74136662407738E+03 3.28308059616975E+02 2.32785887841108E-05 -1.31740569844799E+01 1.15246818442515E+01 1.00000000000000E-01
9.93196985668669E+03 3.30165734899863E+02 2.11543047015570E-05 -1.18320416429962E+01 1.12237351671304E+01 1.00000000000000E-01
1.01258133442504E+04 3.32049717983738E+02 1.89806696456210E-05 -1.04695009186788E+01 1.09204928676068E+01 1.00000000000000E-01
1.03229521711026E+04 3.34152400831449E+02 1.70128107355754E-05 -9.04879638393126E+00 1.06141888210542E+01 1.00000000000000E-01
1.05234423580114E+04 3.36459138535111E+02 1.54471328425954E-05 -7.47816290149719E+00 1.02653968490309E+01 1.00000000000000E-01
1.07273408780976E+04 3.38805090779736E+02 1.38548384254347E-05 -5.88082864986171E+00 9.91067541348327E+00 1.00000000000000E-01
1.09347056730252E+04 3.41148941618157E+02 1.21709484282282E-05 -4.42533904062926E+00 9.47947310572570E+00 1.00000000000000E-01
1.11455956694666E+04 3.43651850817620E+02 1.09795449242045E-05 -3.15012888993938E+00 8.90290370890165E+00 1.00000000000000E-01
