Large-scale forcings BOMEX, Siebesma et al. (2003)
       zf                ug                vg               wfls              dqtdx             dqtdy             dqtdt            dthldt      
+2.0000000000E+01 +9.9640000000E+00 +0.0000000000E+00 -8.6666666667E-05 +0.0000000000E+00 +0.0000000000E+00 -1.2000000000E-08 -2.3148148148E-05
+6.0000000000E+01 +9.8920000000E+00 +0.0000000000E+00 -2.6000000000E-04 +0.0000000000E+00 +0.0000000000E+00 -1.2000000000E-08 -2.3148148148E-05
+1.0000000000E+02 +9.8200000000E+00 +0.0000000000E+00 -4.3333333333E-04 +0.0000000000E+00 +0.0000000000E+00 -1.2000000000E-08 -2.3148148148E-05
+1.4000000000E+02 +9.7480000000E+00 +0.0000000000E+00 -6.0666666667E-04 +0.0000000000E+00 +0.0000000000E+00 -1.2000000000E-08 -2.3148148148E-05
+1.8000000000E+02 +9.6760000000E+00 +0.0000000000E+00 -7.8000000000E-04 +0.0000000000E+00 +0.0000000000E+00 -1.2000000000E-08 -2.3148148148E-05
+2.2000000000E+02 +9.6040000000E+00 +0.0000000000E+00 -9.5333333333E-04 +0.0000000000E+00 +0.0000000000E+00 -1.2000000000E-08 -2.3148148148E-05
+2.6000000000E+02 +9.5320000000E+00 +0.0000000000E+00 -1.1266666667E-03 +0.0000000000E+00 +0.0000000000E+00 -1.2000000000E-08 -2.3148148148E-05
+3.0000000000E+02 +9.4600000000E+00 +0.0000000000E+00 -1.3000000000E-03 +0.0000000000E+00 +0.0000000000E+00 -1.2000000000E-08 -2.3148148148E-05
+3.4000000000E+02 +9.3880000000E+00 +0.0000000000E+00 -1.4733333333E-03 +0.0000000000E+00 +0.0000000000E+00 -9.6000000000E-09 -2.3148148148E-05
+3.8000000000E+02 +9.3160000000E+00 +0.0000000000E+00 -1.6466666667E-03 +0.0000000000E+00 +0.0000000000E+00 -7.2000000000E-09 -2.3148148148E-05
+4.2000000000E+02 +9.2440000000E+00 +0.0000000000E+00 -1.8200000000E-03 +0.0000000000E+00 +0.0000000000E+00 -4.8000000000E-09 -2.3148148148E-05
+4.6000000000E+02 +9.1720000000E+00 +0.0000000000E+00 -1.9933333333E-03 +0.0000000000E+00 +0.0000000000E+00 -2.4000000000E-09 -2.3148148148E-05
+5.0000000000E+02 +9.1000000000E+00 +0.0000000000E+00 -2.1666666667E-03 +0.0000000000E+00 +0.0000000000E+00 +0.0000000000E+00 -2.3148148148E-05
+5.4000000000E+02 +9.0280000000E+00 +0.0000000000E+00 -2.3400000000E-03 +0.0000000000E+00 +0.0000000000E+00 +0.0000000000E+00 -2.3148148148E-05
+5.8000000000E+02 +8.9560000000E+00 +0.0000000000E+00 -2.5133333333E-03 +0.0000000000E+00 +0.0000000000E+00 +0.0000000000E+00 -2.3148148148E-05
+6.2000000000E+02 +8.8840000000E+00 +0.0000000000E+00 -2.6866666667E-03 +0.0000000000E+00 +0.0000000000E+00 +0.0000000000E+00 -2.3148148148E-05
+6.6000000000E+02 +8.8120000000E+00 +0.0000000000E+00 -2.8600000000E-03 +0.0000000000E+00 +0.0000000000E+00 +0.0000000000E+00 -2.3148148148E-05
+7.0000000000E+02 +8.7400000000E+00 +0.0000000000E+00 -3.0333333333E-03 +0.0000000000E+00 +0.0000000000E+00 +0.0000000000E+00 -2.3148148148E-05
+7.4000000000E+02 +8.6680000000E+00 +0.0000000000E+00 -3.2066666667E-03 +0.0000000000E+00 +0.0000000000E+00 +0.0000000000E+00 -2.3148148148E-05
+7.8000000000E+02 +8.5960000000E+00 +0.0000000000E+00 -3.3800000000E-03 +0.0000000000E+00 +0.0000000000E+00 +0.0000000000E+00 -2.3148148148E-05
+8.2000000000E+02 +8.5240000000E+00 +0.0000000000E+00 -3.5533333333E-03 +0.0000000000E+00 +0.0000000000E+00 +0.0000000000E+00 -2.3148148148E-05
+8.6000000000E+02 +8.4520000000E+00 +0.0000000000E+00 -3.7266666667E-03 +0.0000000000E+00 +0.0000000000E+00 +0.0000000000E+00 -2.3148148148E-05
+9.0000000000E+02 +8.3800000000E+00 +0.0000000000E+00 -3.9000000000E-03 +0.0000000000E+00 +0.0000000000E+00 +0.0000000000E+00 -2.3148148148E-05
+9.4000000000E+02 +8.3080000000E+00 +0.0000000000E+00 -4.0733333333E-03 +0.0000000000E+00 +0.0000000000E+00 +0.0000000000E+00 -2.3148148148E-05
+9.8000000000E+02 +8.2360000000E+00 +0.0000000000E+00 -4.2466666667E-03 +0.0000000000E+00 +0.0000000000E+00 +0.0000000000E+00 -2.3148148148E-05
+1.0200000000E+03 +8.1640000000E+00 +0.0000000000E+00 -4.4200000000E-03 +0.0000000000E+00 +0.0000000000E+00 +0.0000000000E+00 -2.3148148148E-05
+1.0600000000E+03 +8.0920000000E+00 +0.0000000000E+00 -4.5933333333E-03 +0.0000000000E+00 +0.0000000000E+00 +0.0000000000E+00 -2.3148148148E-05
+1.1000000000E+03 +8.0200000000E+00 +0.0000000000E+00 -4.7666666667E-03 +0.0000000000E+00 +0.0000000000E+00 +0.0000000000E+00 -2.3148148148E-05
+1.1400000000E+03 +7.9480000000E+00 +0.0000000000E+00 -4.9400000000E-03 +0.0000000000E+00 +0.0000000000E+00 +0.0000000000E+00 -2.3148148148E-05
+1.1800000000E+03 +7.8760000000E+00 +0.0000000000E+00 -5.1133333333E-03 +0.0000000000E+00 +0.0000000000E+00 +0.0000000000E+00 -2.3148148148E-05
+1.2200000000E+03 +7.8040000000E+00 +0.0000000000E+00 -5.2866666667E-03 +0.0000000000E+00 +0.0000000000E+00 +0.0000000000E+00 -2.3148148148E-05
+1.2600000000E+03 +7.7320000000E+00 +0.0000000000E+00 -5.4600000000E-03 +0.0000000000E+00 +0.0000000000E+00 +0.0000000000E+00 -2.3148148148E-05
+1.3000000000E+03 +7.6600000000E+00 +0.0000000000E+00 -5.6333333333E-03 +0.0000000000E+00 +0.0000000000E+00 +0.0000000000E+00 -2.3148148148E-05
+1.3400000000E+03 +7.5880000000E+00 +0.0000000000E+00 -5.8066666667E-03 +0.0000000000E+00 +0.0000000000E+00 +0.0000000000E+00 -2.3148148148E-05
+1.3800000000E+03 +7.5160000000E+00 +0.0000000000E+00 -5.9800000000E-03 +0.0000000000E+00 +0.0000000000E+00 +0.0000000000E+00 -2.3148148148E-05
+1.4200000000E+03 +7.4440000000E+00 +0.0000000000E+00 -6.1533333333E-03 +0.0000000000E+00 +0.0000000000E+00 +0.0000000000E+00 -2.3148148148E-05
+1.4600000000E+03 +7.3720000000E+00 +0.0000000000E+00 -6.3266666667E-03 +0.0000000000E+00 +0.0000000000E+00 +0.0000000000E+00 -2.3148148148E-05
+1.5000000000E+03 +7.3000000000E+00 +0.0000000000E+00 -6.5000000000E-03 +0.0000000000E+00 +0.0000000000E+00 +0.0000000000E+00 -2.3148148148E-05
+1.5400000000E+03 +7.2280000000E+00 +0.0000000000E+00 -6.0666666667E-03 +0.0000000000E+00 +0.0000000000E+00 +0.0000000000E+00 -2.2530864198E-05
+1.5800000000E+03 +7.1560000000E+00 +0.0000000000E+00 -5.6333333333E-03 +0.0000000000E+00 +0.0000000000E+00 +0.0000000000E+00 -2.1913580247E-05
+1.6200000000E+03 +7.0840000000E+00 +0.0000000000E+00 -5.2000000000E-03 +0.0000000000E+00 +0.0000000000E+00 +0.0000000000E+00 -2.1296296296E-05
+1.6600000000E+03 +7.0120000000E+00 +0.0000000000E+00 -4.7666666667E-03 +0.0000000000E+00 +0.0000000000E+00 +0.0000000000E+00 -2.0679012346E-05
+1.7000000000E+03 +6.9400000000E+00 +0.0000000000E+00 -4.3333333333E-03 +0.0000000000E+00 +0.0000000000E+00 +0.0000000000E+00 -2.0061728395E-05
+1.7400000000E+03 +6.8680000000E+00 +0.0000000000E+00 -3.9000000000E-03 +0.0000000000E+00 +0.0000000000E+00 +0.0000000000E+00 -1.9444444444E-05
+1.7800000000E+03 +6.7960000000E+00 +0.0000000000E+00 -3.4666666667E-03 +0.0000000000E+00 +0.0000000000E+00 +0.0000000000E+00 -1.8827160494E-05
+1.8200000000E+03 +6.7240000000E+00 +0.0000000000E+00 -3.0333333333E-03 +0.0000000000E+00 +0.0000000000E+00 +0.0000000000E+00 -1.8209876543E-05
+1.8600000000E+03 +6.6520000000E+00 +0.0000000000E+00 -2.6000000000E-03 +0.0000000000E+00 +0.0000000000E+00 +0.0000000000E+00 -1.7592592593E-05
+1.9000000000E+03 +6.5800000000E+00 +0.0000000000E+00 -2.1666666667E-03 +0.0000000000E+00 +0.0000000000E+00 +0.0000000000E+00 -1.6975308642E-05
+1.9400000000E+03 +6.5080000000E+00 +0.0000000000E+00 -1.7333333333E-03 +0.0000000000E+00 +0.0000000000E+00 +0.0000000000E+00 -1.6358024691E-05
+1.9800000000E+03 +6.4360000000E+00 +0.0000000000E+00 -1.3000000000E-03 +0.0000000000E+00 +0.0000000000E+00 +0.0000000000E+00 -1.5740740741E-05
+2.0200000000E+03 +6.3640000000E+00 +0.0000000000E+00 -8.6666666667E-04 +0.0000000000E+00 +0.0000000000E+00 +0.0000000000E+00 -1.5123456790E-05
+2.0600000000E+03 +6.2920000000E+00 +0.0000000000E+00 -4.3333333333E-04 +0.0000000000E+00 +0.0000000000E+00 +0.0000000000E+00 -1.4506172840E-05
+2.1000000000E+03 +6.2200000000E+00 +0.0000000000E+00 +0.0000000000E+00 +0.0000000000E+00 +0.0000000000E+00 +0.0000000000E+00 -1.3888888889E-05
+2.1400000000E+03 +6.1480000000E+00 +0.0000000000E+00 +0.0000000000E+00 +0.0000000000E+00 +0.0000000000E+00 +0.0000000000E+00 -1.3271604938E-05
+2.1800000000E+03 +6.0760000000E+00 +0.0000000000E+00 +0.0000000000E+00 +0.0000000000E+00 +0.0000000000E+00 +0.0000000000E+00 -1.2654320988E-05
+2.2200000000E+03 +6.0040000000E+00 +0.0000000000E+00 +0.0000000000E+00 +0.0000000000E+00 +0.0000000000E+00 +0.0000000000E+00 -1.2037037037E-05
+2.2600000000E+03 +5.9320000000E+00 +0.0000000000E+00 +0.0000000000E+00 +0.0000000000E+00 +0.0000000000E+00 +0.0000000000E+00 -1.1419753086E-05
+2.3000000000E+03 +5.8600000000E+00 +0.0000000000E+00 +0.0000000000E+00 +0.0000000000E+00 +0.0000000000E+00 +0.0000000000E+00 -1.0802469136E-05
+2.3400000000E+03 +5.7880000000E+00 +0.0000000000E+00 +0.0000000000E+00 +0.0000000000E+00 +0.0000000000E+00 +0.0000000000E+00 -1.0185185185E-05
+2.3800000000E+03 +5.7160000000E+00 +0.0000000000E+00 +0.0000000000E+00 +0.0000000000E+00 +0.0000000000E+00 +0.0000000000E+00 -9.5679012346E-06
+2.4200000000E+03 +5.6440000000E+00 +0.0000000000E+00 +0.0000000000E+00 +0.0000000000E+00 +0.0000000000E+00 +0.0000000000E+00 -8.9506172840E-06
+2.4600000000E+03 +5.5720000000E+00 +0.0000000000E+00 +0.0000000000E+00 +0.0000000000E+00 +0.0000000000E+00 +0.0000000000E+00 -8.3333333333E-06
+2.5000000000E+03 +5.5000000000E+00 +0.0000000000E+00 +0.0000000000E+00 +0.0000000000E+00 +0.0000000000E+00 +0.0000000000E+00 -7.7160493827E-06
+2.5400000000E+03 +5.4280000000E+00 +0.0000000000E+00 +0.0000000000E+00 +0.0000000000E+00 +0.0000000000E+00 +0.0000000000E+00 -7.0987654321E-06
+2.5800000000E+03 +5.3560000000E+00 +0.0000000000E+00 +0.0000000000E+00 +0.0000000000E+00 +0.0000000000E+00 +0.0000000000E+00 -6.4814814815E-06
+2.6200000000E+03 +5.2840000000E+00 +0.0000000000E+00 +0.0000000000E+00 +0.0000000000E+00 +0.0000000000E+00 +0.0000000000E+00 -5.8641975309E-06
+2.6600000000E+03 +5.2120000000E+00 +0.0000000000E+00 +0.0000000000E+00 +0.0000000000E+00 +0.0000000000E+00 +0.0000000000E+00 -5.2469135802E-06
+2.7000000000E+03 +5.1400000000E+00 +0.0000000000E+00 +0.0000000000E+00 +0.0000000000E+00 +0.0000000000E+00 +0.0000000000E+00 -4.6296296296E-06
+2.7400000000E+03 +5.0680000000E+00 +0.0000000000E+00 +0.0000000000E+00 +0.0000000000E+00 +0.0000000000E+00 +0.0000000000E+00 -4.0123456790E-06
+2.7800000000E+03 +4.9960000000E+00 +0.0000000000E+00 +0.0000000000E+00 +0.0000000000E+00 +0.0000000000E+00 +0.0000000000E+00 -3.3950617284E-06
+2.8200000000E+03 +4.9240000000E+00 +0.0000000000E+00 +0.0000000000E+00 +0.0000000000E+00 +0.0000000000E+00 +0.0000000000E+00 -2.7777777778E-06
+2.8600000000E+03 +4.8520000000E+00 +0.0000000000E+00 +0.0000000000E+00 +0.0000000000E+00 +0.0000000000E+00 +0.0000000000E+00 -2.1604938272E-06
+2.9000000000E+03 +4.7800000000E+00 +0.0000000000E+00 +0.0000000000E+00 +0.0000000000E+00 +0.0000000000E+00 +0.0000000000E+00 -1.5432098765E-06
+2.9400000000E+03 +4.7080000000E+00 +0.0000000000E+00 +0.0000000000E+00 +0.0000000000E+00 +0.0000000000E+00 +0.0000000000E+00 -9.2592592593E-07
+2.9800000000E+03 +4.6360000000E+00 +0.0000000000E+00 +0.0000000000E+00 +0.0000000000E+00 +0.0000000000E+00 +0.0000000000E+00 -3.0864197531E-07
