BOMEX, Siebesma et al. (2003)
       zf                 f                 u                 v                 w                thl               qt        
# 0
+2.0000000000E+01 +1.0000000000E+00 +7.3666343689E+00 +0.0000000000E+00 +0.0000000000E+00 +0.0000000000E+00 +0.0000000000E+00
+6.0000000000E+01 +1.0000000000E+00 +7.9925232232E+00 +0.0000000000E+00 +0.0000000000E+00 +0.0000000000E+00 +0.0000000000E+00
+1.0000000000E+02 +1.0000000000E+00 +8.1996994019E+00 +0.0000000000E+00 +0.0000000000E+00 +0.0000000000E+00 +0.0000000000E+00
+1.4000000000E+02 +1.0000000000E+00 +8.2699880581E+00 +0.0000000000E+00 +0.0000000000E+00 +0.0000000000E+00 +0.0000000000E+00
+1.8000000000E+02 +1.0000000000E+00 +8.3082313547E+00 +0.0000000000E+00 +0.0000000000E+00 +0.0000000000E+00 +0.0000000000E+00
+2.2000000000E+02 +1.0000000000E+00 +8.3346948614E+00 +0.0000000000E+00 +0.0000000000E+00 +0.0000000000E+00 +0.0000000000E+00
+2.6000000000E+02 +1.0000000000E+00 +8.3605852132E+00 +0.0000000000E+00 +0.0000000000E+00 +0.0000000000E+00 +0.0000000000E+00
+3.0000000000E+02 +1.0000000000E+00 +8.3833160400E+00 +0.0000000000E+00 +0.0000000000E+00 +0.0000000000E+00 +0.0000000000E+00
+3.4000000000E+02 +1.0000000000E+00 +8.3992738728E+00 +0.0000000000E+00 +0.0000000000E+00 +0.0000000000E+00 +0.0000000000E+00
+3.8000000000E+02 +1.0000000000E+00 +8.4147262578E+00 +0.0000000000E+00 +0.0000000000E+00 +0.0000000000E+00 +0.0000000000E+00
+4.2000000000E+02 +1.0000000000E+00 +8.4309158323E+00 +0.0000000000E+00 +0.0000000000E+00 +0.0000000000E+00 +0.0000000000E+00
+4.6000000000E+02 +1.0000000000E+00 +8.4454650877E+00 +0.0000000000E+00 +0.0000000000E+00 +0.0000000000E+00 +0.0000000000E+00
+5.0000000000E+02 +1.0000000000E+00 +8.4522504807E+00 +0.0000000000E+00 +0.0000000000E+00 +0.0000000000E+00 +0.0000000000E+00
+5.4000000000E+02 +1.0000000000E+00 +8.4602184296E+00 +0.0000000000E+00 +0.0000000000E+00 +0.0000000000E+00 +0.0000000000E+00
+5.8000000000E+02 +1.0000000000E+00 +8.4803905482E+00 +0.0000000000E+00 +0.0000000000E+00 +0.0000000000E+00 +0.0000000000E+00
+6.2000000000E+02 +1.0000000000E+00 +8.5072813029E+00 +0.0000000000E+00 +0.0000000000E+00 +0.0000000000E+00 +0.0000000000E+00
+6.6000000000E+02 +1.0000000000E+00 +8.5453777309E+00 +0.0000000000E+00 +0.0000000000E+00 +0.0000000000E+00 +0.0000000000E+00
+7.0000000000E+02 +1.0000000000E+00 +8.5964612961E+00 +0.0000000000E+00 +0.0000000000E+00 +0.0000000000E+00 +0.0000000000E+00
+7.4000000000E+02 +1.0000000000E+00 +8.6371355057E+00 +0.0000000000E+00 +0.0000000000E+00 +0.0000000000E+00 +0.0000000000E+00
+7.8000000000E+02 +1.0000000000E+00 +8.6358709335E+00 +0.0000000000E+00 +0.0000000000E+00 +0.0000000000E+00 +0.0000000000E+00
+8.2000000000E+02 +1.0000000000E+00 +8.6487340932E+00 +0.0000000000E+00 +0.0000000000E+00 +0.0000000000E+00 +0.0000000000E+00
+8.6000000000E+02 +1.0000000000E+00 +8.6646785738E+00 +0.0000000000E+00 +0.0000000000E+00 +0.0000000000E+00 +0.0000000000E+00
+9.0000000000E+02 +1.0000000000E+00 +8.6597118379E+00 +0.0000000000E+00 +0.0000000000E+00 +0.0000000000E+00 +0.0000000000E+00
+9.4000000000E+02 +1.0000000000E+00 +8.6243562694E+00 +0.0000000000E+00 +0.0000000000E+00 +0.0000000000E+00 +0.0000000000E+00
+9.8000000000E+02 +1.0000000000E+00 +8.5819854746E+00 +0.0000000000E+00 +0.0000000000E+00 +0.0000000000E+00 +0.0000000000E+00
+1.0200000000E+03 +1.0000000000E+00 +8.5282649994E+00 +0.0000000000E+00 +0.0000000000E+00 +0.0000000000E+00 +0.0000000000E+00
+1.0600000000E+03 +1.0000000000E+00 +8.4555034628E+00 +0.0000000000E+00 +0.0000000000E+00 +0.0000000000E+00 +0.0000000000E+00
+1.1000000000E+03 +1.0000000000E+00 +8.4007434845E+00 +0.0000000000E+00 +0.0000000000E+00 +0.0000000000E+00 +0.0000000000E+00
+1.1400000000E+03 +1.0000000000E+00 +8.3117580432E+00 +0.0000000000E+00 +0.0000000000E+00 +0.0000000000E+00 +0.0000000000E+00
+1.1800000000E+03 +1.0000000000E+00 +8.1775026303E+00 +0.0000000000E+00 +0.0000000000E+00 +0.0000000000E+00 +0.0000000000E+00
+1.2200000000E+03 +1.0000000000E+00 +8.0614032708E+00 +0.0000000000E+00 +0.0000000000E+00 +0.0000000000E+00 +0.0000000000E+00
+1.2600000000E+03 +1.0000000000E+00 +7.9533314668E+00 +0.0000000000E+00 +0.0000000000E+00 +0.0000000000E+00 +0.0000000000E+00
+1.3000000000E+03 +1.0000000000E+00 +7.8289027233E+00 +0.0000000000E+00 +0.0000000000E+00 +0.0000000000E+00 +0.0000000000E+00
+1.3400000000E+03 +1.0000000000E+00 +7.7241182309E+00 +0.0000000000E+00 +0.0000000000E+00 +0.0000000000E+00 +0.0000000000E+00
+1.3800000000E+03 +1.0000000000E+00 +7.6099920273E+00 +0.0000000000E+00 +0.0000000000E+00 +0.0000000000E+00 +0.0000000000E+00
+1.4200000000E+03 +1.0000000000E+00 +7.4819436111E+00 +0.0000000000E+00 +0.0000000000E+00 +0.0000000000E+00 +0.0000000000E+00
+1.4600000000E+03 +1.0000000000E+00 +7.3534703217E+00 +0.0000000000E+00 +0.0000000000E+00 +0.0000000000E+00 +0.0000000000E+00
+1.5000000000E+03 +1.0000000000E+00 +7.2309956513E+00 +0.0000000000E+00 +0.0000000000E+00 +0.0000000000E+00 +0.0000000000E+00
+1.5400000000E+03 +1.0000000000E+00 +7.1136293411E+00 +0.0000000000E+00 +0.0000000000E+00 +0.0000000000E+00 +0.0000000000E+00
+1.5800000000E+03 +1.0000000000E+00 +7.0084590875E+00 +0.0000000000E+00 +0.0000000000E+00 +0.0000000000E+00 +0.0000000000E+00
+1.6200000000E+03 +1.0000000000E+00 +6.9038643856E+00 +0.0000000000E+00 +0.0000000000E+00 +0.0000000000E+00 +0.0000000000E+00
+1.6600000000E+03 +1.0000000000E+00 +6.8034338914E+00 +0.0000000000E+00 +0.0000000000E+00 +0.0000000000E+00 +0.0000000000E+00
+1.7000000000E+03 +1.0000000000E+00 +6.7182259541E+00 +0.0000000000E+00 +0.0000000000E+00 +0.0000000000E+00 +0.0000000000E+00
+1.7400000000E+03 +1.0000000000E+00 +6.6492452631E+00 +0.0000000000E+00 +0.0000000000E+00 +0.0000000000E+00 +0.0000000000E+00
+1.7800000000E+03 +1.0000000000E+00 +6.6001086226E+00 +0.0000000000E+00 +0.0000000000E+00 +0.0000000000E+00 +0.0000000000E+00
+1.8200000000E+03 +1.0000000000E+00 +6.5708746919E+00 +0.0000000000E+00 +0.0000000000E+00 +0.0000000000E+00 +0.0000000000E+00
+1.8600000000E+03 +1.0000000000E+00 +6.5361418724E+00 +0.0000000000E+00 +0.0000000000E+00 +0.0000000000E+00 +0.0000000000E+00
+1.9000000000E+03 +1.0000000000E+00 +6.5123162265E+00 +0.0000000000E+00 +0.0000000000E+00 +0.0000000000E+00 +0.0000000000E+00
+1.9400000000E+03 +1.0000000000E+00 +6.4572267551E+00 +0.0000000000E+00 +0.0000000000E+00 +0.0000000000E+00 +0.0000000000E+00
+1.9800000000E+03 +1.0000000000E+00 +6.4186391835E+00 +0.0000000000E+00 +0.0000000000E+00 +0.0000000000E+00 +0.0000000000E+00
+2.0200000000E+03 +1.0000000000E+00 +6.3656735411E+00 +0.0000000000E+00 +0.0000000000E+00 +0.0000000000E+00 +0.0000000000E+00
+2.0600000000E+03 +1.0000000000E+00 +6.3479757309E+00 +0.0000000000E+00 +0.0000000000E+00 +0.0000000000E+00 +0.0000000000E+00
+2.1000000000E+03 +1.0000000000E+00 +6.3257360458E+00 +0.0000000000E+00 +0.0000000000E+00 +0.0000000000E+00 +0.0000000000E+00
+2.1400000000E+03 +1.0000000000E+00 +6.3445796969E+00 +0.0000000000E+00 +0.0000000000E+00 +0.0000000000E+00 +0.0000000000E+00
+2.1800000000E+03 +1.0000000000E+00 +6.3649644852E+00 +0.0000000000E+00 +0.0000000000E+00 +0.0000000000E+00 +0.0000000000E+00
+2.2200000000E+03 +1.0000000000E+00 +6.3434681888E+00 +0.0000000000E+00 +0.0000000000E+00 +0.0000000000E+00 +0.0000000000E+00
+2.2600000000E+03 +1.0000000000E+00 +6.2068715077E+00 +0.0000000000E+00 +0.0000000000E+00 +0.0000000000E+00 +0.0000000000E+00
+2.3000000000E+03 +1.0000000000E+00 +5.9929804839E+00 +0.0000000000E+00 +0.0000000000E+00 +0.0000000000E+00 +0.0000000000E+00
+2.3400000000E+03 +1.0000000000E+00 +5.7932176553E+00 +0.0000000000E+00 +0.0000000000E+00 +0.0000000000E+00 +0.0000000000E+00
+2.3800000000E+03 +1.0000000000E+00 +5.6843037587E+00 +0.0000000000E+00 +0.0000000000E+00 +0.0000000000E+00 +0.0000000000E+00
+2.4200000000E+03 +1.0000000000E+00 +5.6117544165E+00 +0.0000000000E+00 +0.0000000000E+00 +0.0000000000E+00 +0.0000000000E+00
+2.4600000000E+03 +1.0000000000E+00 +5.5499572763E+00 +0.0000000000E+00 +0.0000000000E+00 +0.0000000000E+00 +0.0000000000E+00
+2.5000000000E+03 +1.0000000000E+00 +5.4869375220E+00 +0.0000000000E+00 +0.0000000000E+00 +0.0000000000E+00 +0.0000000000E+00
+2.5400000000E+03 +1.0000000000E+00 +5.4195976248E+00 +0.0000000000E+00 +0.0000000000E+00 +0.0000000000E+00 +0.0000000000E+00
+2.5800000000E+03 +1.0000000000E+00 +5.3510007868E+00 +0.0000000000E+00 +0.0000000000E+00 +0.0000000000E+00 +0.0000000000E+00
+2.6200000000E+03 +1.0000000000E+00 +5.2815146456E+00 +0.0000000000E+00 +0.0000000000E+00 +0.0000000000E+00 +0.0000000000E+00
+2.6600000000E+03 +1.0000000000E+00 +5.2112364750E+00 +0.0000000000E+00 +0.0000000000E+00 +0.0000000000E+00 +0.0000000000E+00
+2.7000000000E+03 +1.0000000000E+00 +5.1400380116E+00 +0.0000000000E+00 +0.0000000000E+00 +0.0000000000E+00 +0.0000000000E+00
+2.7400000000E+03 +1.0000000000E+00 +5.0683536539E+00 +0.0000000000E+00 +0.0000000000E+00 +0.0000000000E+00 +0.0000000000E+00
+2.7800000000E+03 +1.0000000000E+00 +4.9963431349E+00 +0.0000000000E+00 +0.0000000000E+00 +0.0000000000E+00 +0.0000000000E+00
+2.8200000000E+03 +1.0000000000E+00 +4.9240379333E+00 +0.0000000000E+00 +0.0000000000E+00 +0.0000000000E+00 +0.0000000000E+00
+2.8600000000E+03 +1.0000000000E+00 +4.8518428784E+00 +0.0000000000E+00 +0.0000000000E+00 +0.0000000000E+00 +0.0000000000E+00
+2.9000000000E+03 +1.0000000000E+00 +4.7797927856E+00 +0.0000000000E+00 +0.0000000000E+00 +0.0000000000E+00 +0.0000000000E+00
+2.9400000000E+03 +1.0000000000E+00 +4.7078819284E+00 +0.0000000000E+00 +0.0000000000E+00 +0.0000000000E+00 +0.0000000000E+00
+2.9800000000E+03 +1.0000000000E+00 +4.6359729748E+00 +0.0000000000E+00 +0.0000000000E+00 +0.0000000000E+00 +0.0000000000E+00
# 1000000000.0
+2.0000000000E+01 +1.0000000000E+00 +7.3666343689E+00 +0.0000000000E+00 +0.0000000000E+00 +0.0000000000E+00 +0.0000000000E+00
+6.0000000000E+01 +1.0000000000E+00 +7.9925232232E+00 +0.0000000000E+00 +0.0000000000E+00 +0.0000000000E+00 +0.0000000000E+00
+1.0000000000E+02 +1.0000000000E+00 +8.1996994019E+00 +0.0000000000E+00 +0.0000000000E+00 +0.0000000000E+00 +0.0000000000E+00
+1.4000000000E+02 +1.0000000000E+00 +8.2699880581E+00 +0.0000000000E+00 +0.0000000000E+00 +0.0000000000E+00 +0.0000000000E+00
+1.8000000000E+02 +1.0000000000E+00 +8.3082313547E+00 +0.0000000000E+00 +0.0000000000E+00 +0.0000000000E+00 +0.0000000000E+00
+2.2000000000E+02 +1.0000000000E+00 +8.3346948614E+00 +0.0000000000E+00 +0.0000000000E+00 +0.0000000000E+00 +0.0000000000E+00
+2.6000000000E+02 +1.0000000000E+00 +8.3605852132E+00 +0.0000000000E+00 +0.0000000000E+00 +0.0000000000E+00 +0.0000000000E+00
+3.0000000000E+02 +1.0000000000E+00 +8.3833160400E+00 +0.0000000000E+00 +0.0000000000E+00 +0.0000000000E+00 +0.0000000000E+00
+3.4000000000E+02 +1.0000000000E+00 +8.3992738728E+00 +0.0000000000E+00 +0.0000000000E+00 +0.0000000000E+00 +0.0000000000E+00
+3.8000000000E+02 +1.0000000000E+00 +8.4147262578E+00 +0.0000000000E+00 +0.0000000000E+00 +0.0000000000E+00 +0.0000000000E+00
+4.2000000000E+02 +1.0000000000E+00 +8.4309158323E+00 +0.0000000000E+00 +0.0000000000E+00 +0.0000000000E+00 +0.0000000000E+00
+4.6000000000E+02 +1.0000000000E+00 +8.4454650877E+00 +0.0000000000E+00 +0.0000000000E+00 +0.0000000000E+00 +0.0000000000E+00
+5.0000000000E+02 +1.0000000000E+00 +8.4522504807E+00 +0.0000000000E+00 +0.0000000000E+00 +0.0000000000E+00 +0.0000000000E+00
+5.4000000000E+02 +1.0000000000E+00 +8.4602184296E+00 +0.0000000000E+00 +0.0000000000E+00 +0.0000000000E+00 +0.0000000000E+00
+5.8000000000E+02 +1.0000000000E+00 +8.4803905482E+00 +0.0000000000E+00 +0.0000000000E+00 +0.0000000000E+00 +0.0000000000E+00
+6.2000000000E+02 +1.0000000000E+00 +8.5072813029E+00 +0.0000000000E+00 +0.0000000000E+00 +0.0000000000E+00 +0.0000000000E+00
+6.6000000000E+02 +1.0000000000E+00 +8.5453777309E+00 +0.0000000000E+00 +0.0000000000E+00 +0.0000000000E+00 +0.0000000000E+00
+7.0000000000E+02 +1.0000000000E+00 +8.5964612961E+00 +0.0000000000E+00 +0.0000000000E+00 +0.0000000000E+00 +0.0000000000E+00
+7.4000000000E+02 +1.0000000000E+00 +8.6371355057E+00 +0.0000000000E+00 +0.0000000000E+00 +0.0000000000E+00 +0.0000000000E+00
+7.8000000000E+02 +1.0000000000E+00 +8.6358709335E+00 +0.0000000000E+00 +0.0000000000E+00 +0.0000000000E+00 +0.0000000000E+00
+8.2000000000E+02 +1.0000000000E+00 +8.6487340932E+00 +0.0000000000E+00 +0.0000000000E+00 +0.0000000000E+00 +0.0000000000E+00
+8.6000000000E+02 +1.0000000000E+00 +8.6646785738E+00 +0.0000000000E+00 +0.0000000000E+00 +0.0000000000E+00 +0.0000000000E+00
+9.0000000000E+02 +1.0000000000E+00 +8.6597118379E+00 +0.0000000000E+00 +0.0000000000E+00 +0.0000000000E+00 +0.0000000000E+00
+9.4000000000E+02 +1.0000000000E+00 +8.6243562694E+00 +0.0000000000E+00 +0.0000000000E+00 +0.0000000000E+00 +0.0000000000E+00
+9.8000000000E+02 +1.0000000000E+00 +8.5819854746E+00 +0.0000000000E+00 +0.0000000000E+00 +0.0000000000E+00 +0.0000000000E+00
+1.0200000000E+03 +1.0000000000E+00 +8.5282649994E+00 +0.0000000000E+00 +0.0000000000E+00 +0.0000000000E+00 +0.0000000000E+00
+1.0600000000E+03 +1.0000000000E+00 +8.4555034628E+00 +0.0000000000E+00 +0.0000000000E+00 +0.0000000000E+00 +0.0000000000E+00
+1.1000000000E+03 +1.0000000000E+00 +8.4007434845E+00 +0.0000000000E+00 +0.0000000000E+00 +0.0000000000E+00 +0.0000000000E+00
+1.1400000000E+03 +1.0000000000E+00 +8.3117580432E+00 +0.0000000000E+00 +0.0000000000E+00 +0.0000000000E+00 +0.0000000000E+00
+1.1800000000E+03 +1.0000000000E+00 +8.1775026303E+00 +0.0000000000E+00 +0.0000000000E+00 +0.0000000000E+00 +0.0000000000E+00
+1.2200000000E+03 +1.0000000000E+00 +8.0614032708E+00 +0.0000000000E+00 +0.0000000000E+00 +0.0000000000E+00 +0.0000000000E+00
+1.2600000000E+03 +1.0000000000E+00 +7.9533314668E+00 +0.0000000000E+00 +0.0000000000E+00 +0.0000000000E+00 +0.0000000000E+00
+1.3000000000E+03 +1.0000000000E+00 +7.8289027233E+00 +0.0000000000E+00 +0.0000000000E+00 +0.0000000000E+00 +0.0000000000E+00
+1.3400000000E+03 +1.0000000000E+00 +7.7241182309E+00 +0.0000000000E+00 +0.0000000000E+00 +0.0000000000E+00 +0.0000000000E+00
+1.3800000000E+03 +1.0000000000E+00 +7.6099920273E+00 +0.0000000000E+00 +0.0000000000E+00 +0.0000000000E+00 +0.0000000000E+00
+1.4200000000E+03 +1.0000000000E+00 +7.4819436111E+00 +0.0000000000E+00 +0.0000000000E+00 +0.0000000000E+00 +0.0000000000E+00
+1.4600000000E+03 +1.0000000000E+00 +7.3534703217E+00 +0.0000000000E+00 +0.0000000000E+00 +0.0000000000E+00 +0.0000000000E+00
+1.5000000000E+03 +1.0000000000E+00 +7.2309956513E+00 +0.0000000000E+00 +0.0000000000E+00 +0.0000000000E+00 +0.0000000000E+00
+1.5400000000E+03 +1.0000000000E+00 +7.1136293411E+00 +0.0000000000E+00 +0.0000000000E+00 +0.0000000000E+00 +0.0000000000E+00
+1.5800000000E+03 +1.0000000000E+00 +7.0084590875E+00 +0.0000000000E+00 +0.0000000000E+00 +0.0000000000E+00 +0.0000000000E+00
+1.6200000000E+03 +1.0000000000E+00 +6.9038643856E+00 +0.0000000000E+00 +0.0000000000E+00 +0.0000000000E+00 +0.0000000000E+00
+1.6600000000E+03 +1.0000000000E+00 +6.8034338914E+00 +0.0000000000E+00 +0.0000000000E+00 +0.0000000000E+00 +0.0000000000E+00
+1.7000000000E+03 +1.0000000000E+00 +6.7182259541E+00 +0.0000000000E+00 +0.0000000000E+00 +0.0000000000E+00 +0.0000000000E+00
+1.7400000000E+03 +1.0000000000E+00 +6.6492452631E+00 +0.0000000000E+00 +0.0000000000E+00 +0.0000000000E+00 +0.0000000000E+00
+1.7800000000E+03 +1.0000000000E+00 +6.6001086226E+00 +0.0000000000E+00 +0.0000000000E+00 +0.0000000000E+00 +0.0000000000E+00
+1.8200000000E+03 +1.0000000000E+00 +6.5708746919E+00 +0.0000000000E+00 +0.0000000000E+00 +0.0000000000E+00 +0.0000000000E+00
+1.8600000000E+03 +1.0000000000E+00 +6.5361418724E+00 +0.0000000000E+00 +0.0000000000E+00 +0.0000000000E+00 +0.0000000000E+00
+1.9000000000E+03 +1.0000000000E+00 +6.5123162265E+00 +0.0000000000E+00 +0.0000000000E+00 +0.0000000000E+00 +0.0000000000E+00
+1.9400000000E+03 +1.0000000000E+00 +6.4572267551E+00 +0.0000000000E+00 +0.0000000000E+00 +0.0000000000E+00 +0.0000000000E+00
+1.9800000000E+03 +1.0000000000E+00 +6.4186391835E+00 +0.0000000000E+00 +0.0000000000E+00 +0.0000000000E+00 +0.0000000000E+00
+2.0200000000E+03 +1.0000000000E+00 +6.3656735411E+00 +0.0000000000E+00 +0.0000000000E+00 +0.0000000000E+00 +0.0000000000E+00
+2.0600000000E+03 +1.0000000000E+00 +6.3479757309E+00 +0.0000000000E+00 +0.0000000000E+00 +0.0000000000E+00 +0.0000000000E+00
+2.1000000000E+03 +1.0000000000E+00 +6.3257360458E+00 +0.0000000000E+00 +0.0000000000E+00 +0.0000000000E+00 +0.0000000000E+00
+2.1400000000E+03 +1.0000000000E+00 +6.3445796969E+00 +0.0000000000E+00 +0.0000000000E+00 +0.0000000000E+00 +0.0000000000E+00
+2.1800000000E+03 +1.0000000000E+00 +6.3649644852E+00 +0.0000000000E+00 +0.0000000000E+00 +0.0000000000E+00 +0.0000000000E+00
+2.2200000000E+03 +1.0000000000E+00 +6.3434681888E+00 +0.0000000000E+00 +0.0000000000E+00 +0.0000000000E+00 +0.0000000000E+00
+2.2600000000E+03 +1.0000000000E+00 +6.2068715077E+00 +0.0000000000E+00 +0.0000000000E+00 +0.0000000000E+00 +0.0000000000E+00
+2.3000000000E+03 +1.0000000000E+00 +5.9929804839E+00 +0.0000000000E+00 +0.0000000000E+00 +0.0000000000E+00 +0.0000000000E+00
+2.3400000000E+03 +1.0000000000E+00 +5.7932176553E+00 +0.0000000000E+00 +0.0000000000E+00 +0.0000000000E+00 +0.0000000000E+00
+2.3800000000E+03 +1.0000000000E+00 +5.6843037587E+00 +0.0000000000E+00 +0.0000000000E+00 +0.0000000000E+00 +0.0000000000E+00
+2.4200000000E+03 +1.0000000000E+00 +5.6117544165E+00 +0.0000000000E+00 +0.0000000000E+00 +0.0000000000E+00 +0.0000000000E+00
+2.4600000000E+03 +1.0000000000E+00 +5.5499572763E+00 +0.0000000000E+00 +0.0000000000E+00 +0.0000000000E+00 +0.0000000000E+00
+2.5000000000E+03 +1.0000000000E+00 +5.4869375220E+00 +0.0000000000E+00 +0.0000000000E+00 +0.0000000000E+00 +0.0000000000E+00
+2.5400000000E+03 +1.0000000000E+00 +5.4195976248E+00 +0.0000000000E+00 +0.0000000000E+00 +0.0000000000E+00 +0.0000000000E+00
+2.5800000000E+03 +1.0000000000E+00 +5.3510007868E+00 +0.0000000000E+00 +0.0000000000E+00 +0.0000000000E+00 +0.0000000000E+00
+2.6200000000E+03 +1.0000000000E+00 +5.2815146456E+00 +0.0000000000E+00 +0.0000000000E+00 +0.0000000000E+00 +0.0000000000E+00
+2.6600000000E+03 +1.0000000000E+00 +5.2112364750E+00 +0.0000000000E+00 +0.0000000000E+00 +0.0000000000E+00 +0.0000000000E+00
+2.7000000000E+03 +1.0000000000E+00 +5.1400380116E+00 +0.0000000000E+00 +0.0000000000E+00 +0.0000000000E+00 +0.0000000000E+00
+2.7400000000E+03 +1.0000000000E+00 +5.0683536539E+00 +0.0000000000E+00 +0.0000000000E+00 +0.0000000000E+00 +0.0000000000E+00
+2.7800000000E+03 +1.0000000000E+00 +4.9963431349E+00 +0.0000000000E+00 +0.0000000000E+00 +0.0000000000E+00 +0.0000000000E+00
+2.8200000000E+03 +1.0000000000E+00 +4.9240379333E+00 +0.0000000000E+00 +0.0000000000E+00 +0.0000000000E+00 +0.0000000000E+00
+2.8600000000E+03 +1.0000000000E+00 +4.8518428784E+00 +0.0000000000E+00 +0.0000000000E+00 +0.0000000000E+00 +0.0000000000E+00
+2.9000000000E+03 +1.0000000000E+00 +4.7797927856E+00 +0.0000000000E+00 +0.0000000000E+00 +0.0000000000E+00 +0.0000000000E+00
+2.9400000000E+03 +1.0000000000E+00 +4.7078819284E+00 +0.0000000000E+00 +0.0000000000E+00 +0.0000000000E+00 +0.0000000000E+00
+2.9800000000E+03 +1.0000000000E+00 +4.6359729748E+00 +0.0000000000E+00 +0.0000000000E+00 +0.0000000000E+00 +0.0000000000E+00
