BOMEX, Siebesma et al. (2003)
       zf                thl               qt                 u                 v                tke       
+2.0000000000E+01 +2.9870000000E+02 +1.6973076923E-02 +8.7500000000E+00 +0.0000000000E+00 +9.9333333333E-01
+6.0000000000E+01 +2.9870000000E+02 +1.6919230769E-02 +8.7500000000E+00 +0.0000000000E+00 +9.8000000000E-01
+1.0000000000E+02 +2.9870000000E+02 +1.6865384615E-02 +8.7500000000E+00 +0.0000000000E+00 +9.6666666667E-01
+1.4000000000E+02 +2.9870000000E+02 +1.6811538462E-02 +8.7500000000E+00 +0.0000000000E+00 +9.5333333333E-01
+1.8000000000E+02 +2.9870000000E+02 +1.6757692308E-02 +8.7500000000E+00 +0.0000000000E+00 +9.4000000000E-01
+2.2000000000E+02 +2.9870000000E+02 +1.6703846154E-02 +8.7500000000E+00 +0.0000000000E+00 +9.2666666667E-01
+2.6000000000E+02 +2.9870000000E+02 +1.6650000000E-02 +8.7500000000E+00 +0.0000000000E+00 +9.1333333333E-01
+3.0000000000E+02 +2.9870000000E+02 +1.6596153846E-02 +8.7500000000E+00 +0.0000000000E+00 +9.0000000000E-01
+3.4000000000E+02 +2.9870000000E+02 +1.6542307692E-02 +8.7500000000E+00 +0.0000000000E+00 +8.8666666667E-01
+3.8000000000E+02 +2.9870000000E+02 +1.6488461538E-02 +8.7500000000E+00 +0.0000000000E+00 +8.7333333333E-01
+4.2000000000E+02 +2.9870000000E+02 +1.6434615385E-02 +8.7500000000E+00 +0.0000000000E+00 +8.6000000000E-01
+4.6000000000E+02 +2.9870000000E+02 +1.6380769231E-02 +8.7500000000E+00 +0.0000000000E+00 +8.4666666667E-01
+5.0000000000E+02 +2.9870000000E+02 +1.6326923077E-02 +8.7500000000E+00 +0.0000000000E+00 +8.3333333333E-01
+5.4000000000E+02 +2.9877708333E+02 +1.6183333333E-02 +8.7500000000E+00 +0.0000000000E+00 +8.2000000000E-01
+5.8000000000E+02 +2.9893125000E+02 +1.5950000000E-02 +8.7500000000E+00 +0.0000000000E+00 +8.0666666667E-01
+6.2000000000E+02 +2.9908541667E+02 +1.5716666667E-02 +8.7500000000E+00 +0.0000000000E+00 +7.9333333333E-01
+6.6000000000E+02 +2.9923958333E+02 +1.5483333333E-02 +8.7500000000E+00 +0.0000000000E+00 +7.8000000000E-01
+7.0000000000E+02 +2.9939375000E+02 +1.5250000000E-02 +8.7500000000E+00 +0.0000000000E+00 +7.6666666667E-01
+7.4000000000E+02 +2.9954791667E+02 +1.5016666667E-02 +8.6780000000E+00 +0.0000000000E+00 +7.5333333333E-01
+7.8000000000E+02 +2.9970208333E+02 +1.4783333333E-02 +8.6060000000E+00 +0.0000000000E+00 +7.4000000000E-01
+8.2000000000E+02 +2.9985625000E+02 +1.4550000000E-02 +8.5340000000E+00 +0.0000000000E+00 +7.2666666667E-01
+8.6000000000E+02 +3.0001041667E+02 +1.4316666667E-02 +8.4620000000E+00 +0.0000000000E+00 +7.1333333333E-01
+9.0000000000E+02 +3.0016458333E+02 +1.4083333333E-02 +8.3900000000E+00 +0.0000000000E+00 +7.0000000000E-01
+9.4000000000E+02 +3.0031875000E+02 +1.3850000000E-02 +8.3180000000E+00 +0.0000000000E+00 +6.8666666667E-01
+9.8000000000E+02 +3.0047291667E+02 +1.3616666667E-02 +8.2460000000E+00 +0.0000000000E+00 +6.7333333333E-01
+1.0200000000E+03 +3.0062708333E+02 +1.3383333333E-02 +8.1740000000E+00 +0.0000000000E+00 +6.6000000000E-01
+1.0600000000E+03 +3.0078125000E+02 +1.3150000000E-02 +8.1020000000E+00 +0.0000000000E+00 +6.4666666667E-01
+1.1000000000E+03 +3.0093541667E+02 +1.2916666667E-02 +8.0300000000E+00 +0.0000000000E+00 +6.3333333333E-01
+1.1400000000E+03 +3.0108958333E+02 +1.2683333333E-02 +7.9580000000E+00 +0.0000000000E+00 +6.2000000000E-01
+1.1800000000E+03 +3.0124375000E+02 +1.2450000000E-02 +7.8860000000E+00 +0.0000000000E+00 +6.0666666667E-01
+1.2200000000E+03 +3.0139791667E+02 +1.2216666667E-02 +7.8140000000E+00 +0.0000000000E+00 +5.9333333333E-01
+1.2600000000E+03 +3.0155208333E+02 +1.1983333333E-02 +7.7420000000E+00 +0.0000000000E+00 +5.8000000000E-01
+1.3000000000E+03 +3.0170625000E+02 +1.1750000000E-02 +7.6700000000E+00 +0.0000000000E+00 +5.6666666667E-01
+1.3400000000E+03 +3.0186041667E+02 +1.1516666667E-02 +7.5980000000E+00 +0.0000000000E+00 +5.5333333333E-01
+1.3800000000E+03 +3.0201458333E+02 +1.1283333333E-02 +7.5260000000E+00 +0.0000000000E+00 +5.4000000000E-01
+1.4200000000E+03 +3.0216875000E+02 +1.1050000000E-02 +7.4540000000E+00 +0.0000000000E+00 +5.2666666667E-01
+1.4600000000E+03 +3.0232291667E+02 +1.0816666667E-02 +7.3820000000E+00 +0.0000000000E+00 +5.1333333333E-01
+1.5000000000E+03 +3.0262307692E+02 +1.0450000000E-02 +7.3100000000E+00 +0.0000000000E+00 +5.0000000000E-01
+1.5400000000E+03 +3.0306923077E+02 +9.9500000000E-03 +7.2380000000E+00 +0.0000000000E+00 +4.8666666667E-01
+1.5800000000E+03 +3.0351538462E+02 +9.4500000000E-03 +7.1660000000E+00 +0.0000000000E+00 +4.7333333333E-01
+1.6200000000E+03 +3.0396153846E+02 +8.9500000000E-03 +7.0940000000E+00 +0.0000000000E+00 +4.6000000000E-01
+1.6600000000E+03 +3.0440769231E+02 +8.4500000000E-03 +7.0220000000E+00 +0.0000000000E+00 +4.4666666667E-01
+1.7000000000E+03 +3.0485384615E+02 +7.9500000000E-03 +6.9500000000E+00 +0.0000000000E+00 +4.3333333333E-01
+1.7400000000E+03 +3.0530000000E+02 +7.4500000000E-03 +6.8780000000E+00 +0.0000000000E+00 +4.2000000000E-01
+1.7800000000E+03 +3.0574615385E+02 +6.9500000000E-03 +6.8060000000E+00 +0.0000000000E+00 +4.0666666667E-01
+1.8200000000E+03 +3.0619230769E+02 +6.4500000000E-03 +6.7340000000E+00 +0.0000000000E+00 +3.9333333333E-01
+1.8600000000E+03 +3.0663846154E+02 +5.9500000000E-03 +6.6620000000E+00 +0.0000000000E+00 +3.8000000000E-01
+1.9000000000E+03 +3.0708461538E+02 +5.4500000000E-03 +6.5900000000E+00 +0.0000000000E+00 +3.6666666667E-01
+1.9400000000E+03 +3.0753076923E+02 +4.9500000000E-03 +6.5180000000E+00 +0.0000000000E+00 +3.5333333333E-01
+1.9800000000E+03 +3.0797692308E+02 +4.4500000000E-03 +6.4460000000E+00 +0.0000000000E+00 +3.4000000000E-01
+2.0200000000E+03 +3.0827300000E+02 +4.1760000000E-03 +6.3740000000E+00 +0.0000000000E+00 +3.2666666667E-01
+2.0600000000E+03 +3.0841900000E+02 +4.1280000000E-03 +6.3020000000E+00 +0.0000000000E+00 +3.1333333333E-01
+2.1000000000E+03 +3.0856500000E+02 +4.0800000000E-03 +6.2300000000E+00 +0.0000000000E+00 +3.0000000000E-01
+2.1400000000E+03 +3.0871100000E+02 +4.0320000000E-03 +6.1580000000E+00 +0.0000000000E+00 +2.8666666667E-01
+2.1800000000E+03 +3.0885700000E+02 +3.9840000000E-03 +6.0860000000E+00 +0.0000000000E+00 +2.7333333333E-01
+2.2200000000E+03 +3.0900300000E+02 +3.9360000000E-03 +6.0140000000E+00 +0.0000000000E+00 +2.6000000000E-01
+2.2600000000E+03 +3.0914900000E+02 +3.8880000000E-03 +5.9420000000E+00 +0.0000000000E+00 +2.4666666667E-01
+2.3000000000E+03 +3.0929500000E+02 +3.8400000000E-03 +5.8700000000E+00 +0.0000000000E+00 +2.3333333333E-01
+2.3400000000E+03 +3.0944100000E+02 +3.7920000000E-03 +5.7980000000E+00 +0.0000000000E+00 +2.2000000000E-01
+2.3800000000E+03 +3.0958700000E+02 +3.7440000000E-03 +5.7260000000E+00 +0.0000000000E+00 +2.0666666667E-01
+2.4200000000E+03 +3.0973300000E+02 +3.6960000000E-03 +5.6540000000E+00 +0.0000000000E+00 +1.9333333333E-01
+2.4600000000E+03 +3.0987900000E+02 +3.6480000000E-03 +5.5820000000E+00 +0.0000000000E+00 +1.8000000000E-01
+2.5000000000E+03 +3.1002500000E+02 +3.6000000000E-03 +5.5100000000E+00 +0.0000000000E+00 +1.6666666667E-01
+2.5400000000E+03 +3.1017100000E+02 +3.5520000000E-03 +5.4380000000E+00 +0.0000000000E+00 +1.5333333333E-01
+2.5800000000E+03 +3.1031700000E+02 +3.5040000000E-03 +5.3660000000E+00 +0.0000000000E+00 +1.4000000000E-01
+2.6200000000E+03 +3.1046300000E+02 +3.4560000000E-03 +5.2940000000E+00 +0.0000000000E+00 +1.2666666667E-01
+2.6600000000E+03 +3.1060900000E+02 +3.4080000000E-03 +5.2220000000E+00 +0.0000000000E+00 +1.1333333333E-01
+2.7000000000E+03 +3.1075500000E+02 +3.3600000000E-03 +5.1500000000E+00 +0.0000000000E+00 +1.0000000000E-01
+2.7400000000E+03 +3.1090100000E+02 +3.3120000000E-03 +5.0780000000E+00 +0.0000000000E+00 +8.6666666667E-02
+2.7800000000E+03 +3.1104700000E+02 +3.2640000000E-03 +5.0060000000E+00 +0.0000000000E+00 +7.3333333333E-02
+2.8200000000E+03 +3.1119300000E+02 +3.2160000000E-03 +4.9340000000E+00 +0.0000000000E+00 +6.0000000000E-02
+2.8600000000E+03 +3.1133900000E+02 +3.1680000000E-03 +4.8620000000E+00 +0.0000000000E+00 +4.6666666667E-02
+2.9000000000E+03 +3.1148500000E+02 +3.1200000000E-03 +4.7900000000E+00 +0.0000000000E+00 +3.3333333333E-02
+2.9400000000E+03 +3.1163100000E+02 +3.0720000000E-03 +4.7180000000E+00 +0.0000000000E+00 +2.0000000000E-02
+2.9800000000E+03 +3.1177700000E+02 +3.0240000000E-03 +4.6460000000E+00 +0.0000000000E+00 +6.6666666667E-03
